Sample equal_delay orig_delay nn_delay gain
0 1.974056e+01 2.103868e+01 1.959702e+01 6.852425e-02
1 1.971108e+01 2.110736e+01 1.957010e+01 7.283035e-02
2 1.955006e+01 2.106935e+01 1.943013e+01 7.780109e-02
3 1.972583e+01 2.144322e+01 1.958713e+01 8.655846e-02
4 1.973592e+01 2.150217e+01 1.959439e+01 8.872506e-02
5 1.951454e+01 2.119857e+01 1.938866e+01 8.537878e-02
6 1.954179e+01 2.134901e+01 1.941526e+01 9.057778e-02
7 1.967768e+01 2.164945e+01 1.953965e+01 9.745269e-02
8 1.946540e+01 2.135284e+01 1.931427e+01 9.547073e-02
9 1.968169e+01 2.142753e+01 1.952798e+01 8.865009e-02
10 1.954432e+01 2.166574e+01 1.939616e+01 1.047543e-01
11 1.964417e+01 2.130842e+01 1.950987e+01 8.440584e-02
12 1.971479e+01 2.134204e+01 1.957651e+01 8.272535e-02
13 1.959219e+01 2.115288e+01 1.944813e+01 8.059178e-02
14 1.953063e+01 2.106771e+01 1.941075e+01 7.864928e-02
15 1.983635e+01 2.169745e+01 1.970339e+01 9.190264e-02
16 1.944308e+01 2.105853e+01 1.931409e+01 8.283767e-02
17 1.965101e+01 2.108415e+01 1.950999e+01 7.466110e-02
18 1.985250e+01 2.102154e+01 1.971425e+01 6.218806e-02
19 1.957723e+01 2.046122e+01 1.944728e+01 4.955455e-02
20 1.968838e+01 2.076619e+01 1.954352e+01 5.887817e-02
21 1.969930e+01 2.075419e+01 1.954951e+01 5.804511e-02
22 1.965150e+01 2.091430e+01 1.950276e+01 6.749157e-02
23 1.967013e+01 2.092889e+01 1.951402e+01 6.760380e-02
24 1.970990e+01 2.102200e+01 1.954813e+01 7.011123e-02
25 1.964160e+01 2.086485e+01 1.948753e+01 6.601164e-02
26 1.918587e+01 2.047531e+01 1.905257e+01 6.948603e-02
27 1.949826e+01 2.067224e+01 1.934708e+01 6.410321e-02
28 1.943188e+01 2.089018e+01 1.927541e+01 7.729798e-02
29 1.953507e+01 2.059392e+01 1.937688e+01 5.909674e-02
30 1.967177e+01 2.087554e+01 1.951888e+01 6.498831e-02
31 1.971392e+01 2.107235e+01 1.956404e+01 7.157793e-02
32 1.993476e+01 2.154800e+01 1.961809e+01 8.956350e-02
33 1.992162e+01 2.115152e+01 1.948208e+01 7.892771e-02
34 1.960778e+01 2.106450e+01 1.902602e+01 9.677327e-02
35 1.978754e+01 2.076708e+01 1.909678e+01 8.043018e-02
36 1.980785e+01 2.061478e+01 1.896815e+01 7.987584e-02
37 1.982783e+01 2.109956e+01 1.883938e+01 1.071197e-01
38 1.972006e+01 2.117847e+01 1.859719e+01 1.218825e-01
39 1.992747e+01 2.121991e+01 1.872187e+01 1.177215e-01
40 1.973039e+01 2.116697e+01 1.842058e+01 1.297490e-01
41 1.977778e+01 2.111869e+01 1.833855e+01 1.316434e-01
42 1.983928e+01 2.133042e+01 1.834098e+01 1.401493e-01
43 1.992600e+01 2.141379e+01 1.837541e+01 1.418890e-01
44 1.968796e+01 2.107657e+01 1.797222e+01 1.472888e-01
45 1.981288e+01 2.093795e+01 1.806234e+01 1.373398e-01
46 1.957659e+01 2.115459e+01 1.762165e+01 1.670058e-01
47 1.982022e+01 2.124462e+01 1.809934e+01 1.480504e-01
48 1.985847e+01 2.092541e+01 1.809585e+01 1.352215e-01
49 1.992212e+01 2.089689e+01 1.836816e+01 1.210099e-01
50 1.970301e+01 2.125989e+01 1.830103e+01 1.391758e-01
51 1.994369e+01 2.100451e+01 1.838861e+01 1.245398e-01
52 1.968335e+01 2.062877e+01 1.814952e+01 1.201844e-01
53 1.976842e+01 2.087775e+01 1.797169e+01 1.391941e-01
54 1.990997e+01 2.102804e+01 1.818442e+01 1.352299e-01
55 1.983481e+01 2.085584e+01 1.830582e+01 1.222688e-01
56 1.996766e+01 2.125863e+01 1.834360e+01 1.371220e-01
57 1.992523e+01 2.131748e+01 1.821357e+01 1.456043e-01
58 1.974897e+01 2.119329e+01 1.774625e+01 1.626475e-01
59 1.987392e+01 2.130743e+01 1.789341e+01 1.602267e-01
60 1.991066e+01 2.161694e+01 1.762706e+01 1.845719e-01
61 1.989023e+01 2.157550e+01 1.734358e+01 1.961448e-01
62 1.968540e+01 2.137523e+01 1.681273e+01 2.134479e-01
63 1.995238e+01 2.176046e+01 1.726155e+01 2.067469e-01
64 1.970644e+01 2.176782e+01 1.672219e+01 2.317931e-01
65 1.996854e+01 2.179524e+01 1.708810e+01 2.159707e-01
66 2.000592e+01 2.177151e+01 1.713888e+01 2.127840e-01
67 1.998520e+01 2.174159e+01 1.693841e+01 2.209212e-01
68 1.990602e+01 2.211939e+01 1.720959e+01 2.219680e-01
69 1.986530e+01 2.126193e+01 1.644906e+01 2.263608e-01
70 1.951483e+01 2.105677e+01 1.584227e+01 2.476401e-01
71 1.970601e+01 2.105134e+01 1.624331e+01 2.283958e-01
72 1.970300e+01 2.085350e+01 1.623852e+01 2.213049e-01
73 1.968762e+01 2.095862e+01 1.618624e+01 2.277048e-01
74 1.945836e+01 2.083899e+01 1.580914e+01 2.413674e-01
75 1.967604e+01 2.102292e+01 1.594276e+01 2.416486e-01
76 1.974187e+01 2.101114e+01 1.603923e+01 2.366324e-01
77 1.977479e+01 2.095134e+01 1.625169e+01 2.243130e-01
78 1.962281e+01 2.082238e+01 1.595746e+01 2.336391e-01
79 1.976836e+01 2.071934e+01 1.596620e+01 2.294061e-01
80 1.954765e+01 2.062228e+01 1.573343e+01 2.370665e-01
81 1.973906e+01 2.063419e+01 1.610398e+01 2.195486e-01
82 1.946438e+01 2.072665e+01 1.548279e+01 2.530009e-01
83 1.955570e+01 2.066242e+01 1.559979e+01 2.450161e-01
84 1.980338e+01 2.067831e+01 1.600968e+01 2.257740e-01
85 1.972492e+01 2.081248e+01 1.619375e+01 2.219209e-01
86 1.967955e+01 2.132917e+01 1.653011e+01 2.249996e-01
87 1.969226e+01 2.147362e+01 1.611848e+01 2.493820e-01
88 1.940749e+01 2.156137e+01 1.577594e+01 2.683240e-01
89 1.952643e+01 2.128519e+01 1.603199e+01 2.468010e-01
90 1.962643e+01 2.153167e+01 1.630281e+01 2.428449e-01
91 1.956252e+01 2.100195e+01 1.624508e+01 2.264965e-01
92 1.970574e+01 2.141047e+01 1.627965e+01 2.396405e-01
93 1.973174e+01 2.130870e+01 1.647159e+01 2.270018e-01
94 1.968571e+01 2.153870e+01 1.634729e+01 2.410270e-01
95 1.968095e+01 2.131607e+01 1.630333e+01 2.351627e-01
96 1.975745e+01 2.141078e+01 1.623075e+01 2.419357e-01
97 1.969127e+01 2.112957e+01 1.602110e+01 2.417687e-01
98 1.943851e+01 2.112441e+01 1.568831e+01 2.573376e-01
99 1.982948e+01 2.121047e+01 1.634160e+01 2.295502e-01
100 1.970120e+01 2.095520e+01 1.614461e+01 2.295653e-01
101 1.981615e+01 2.070992e+01 1.627618e+01 2.140877e-01
102 1.972109e+01 2.049907e+01 1.631466e+01 2.041265e-01
103 1.975562e+01 2.093429e+01 1.641039e+01 2.160999e-01
104 1.987973e+01 2.170298e+01 1.694127e+01 2.194035e-01
105 1.980110e+01 2.144061e+01 1.656662e+01 2.273251e-01
106 1.963282e+01 2.153905e+01 1.627883e+01 2.442179e-01
107 1.992777e+01 2.168298e+01 1.679247e+01 2.255458e-01
108 1.997409e+01 2.178101e+01 1.681472e+01 2.280100e-01
109 1.995048e+01 2.185495e+01 1.669110e+01 2.362786e-01
110 1.977736e+01 2.150645e+01 1.650658e+01 2.324823e-01
111 1.996785e+01 2.162454e+01 1.668700e+01 2.283304e-01
112 1.985817e+01 2.158205e+01 1.654108e+01 2.335722e-01
113 1.991243e+01 2.146985e+01 1.673171e+01 2.206877e-01
114 2.023680e+01 2.206798e+01 1.729401e+01 2.163302e-01
115 2.022962e+01 2.239312e+01 1.697501e+01 2.419540e-01
116 1.995396e+01 2.226694e+01 1.637556e+01 2.645796e-01
117 2.013026e+01 2.227457e+01 1.674884e+01 2.480735e-01
118 1.994857e+01 2.219148e+01 1.664078e+01 2.501277e-01
119 2.021356e+01 2.185970e+01 1.681170e+01 2.309275e-01
120 2.023889e+01 2.210509e+01 1.678367e+01 2.407329e-01
121 2.001717e+01 2.210255e+01 1.640091e+01 2.579632e-01
122 1.985393e+01 2.188890e+01 1.680910e+01 2.320718e-01
123 2.009852e+01 2.168056e+01 1.703648e+01 2.142045e-01
124 1.993482e+01 2.159534e+01 1.676923e+01 2.234794e-01
125 2.027486e+01 2.163009e+01 1.730217e+01 2.000877e-01
126 2.020489e+01 2.173293e+01 1.714506e+01 2.111019e-01
127 2.012930e+01 2.194091e+01 1.686941e+01 2.311436e-01
128 2.019191e+01 2.218801e+01 1.688716e+01 2.389061e-01
129 2.022239e+01 2.227187e+01 1.688521e+01 2.418591e-01
130 2.017882e+01 2.182246e+01 1.673305e+01 2.332192e-01
131 2.024543e+01 2.194693e+01 1.703005e+01 2.240347e-01
132 2.040952e+01 2.184638e+01 1.720802e+01 2.123169e-01
133 2.013479e+01 2.200680e+01 1.663394e+01 2.441453e-01
134 1.945907e+01 2.167911e+01 1.567698e+01 2.768624e-01
135 2.000791e+01 2.181461e+01 1.650514e+01 2.433906e-01
136 1.980590e+01 2.161451e+01 1.618195e+01 2.513387e-01
137 1.999915e+01 2.159019e+01 1.656741e+01 2.326417e-01
138 2.010829e+01 2.208848e+01 1.693291e+01 2.334054e-01
139 1.979986e+01 2.195457e+01 1.652055e+01 2.475120e-01
140 1.987403e+01 2.235532e+01 1.678056e+01 2.493710e-01
141 1.989401e+01 2.188681e+01 1.649161e+01 2.465046e-01
142 1.961009e+01 2.218994e+01 1.599154e+01 2.793335e-01
143 1.965998e+01 2.191613e+01 1.610275e+01 2.652559e-01
144 1.973478e+01 2.177917e+01 1.630713e+01 2.512509e-01
145 1.967913e+01 2.167567e+01 1.627732e+01 2.490515e-01
146 1.946404e+01 2.146059e+01 1.599245e+01 2.547990e-01
147 1.974864e+01 2.207212e+01 1.617490e+01 2.671797e-01
148 1.987526e+01 2.218188e+01 1.630392e+01 2.649893e-01
149 1.990582e+01 2.196335e+01 1.642935e+01 2.519653e-01
150 1.997967e+01 2.226473e+01 1.675874e+01 2.472962e-01
151 1.988580e+01 2.245047e+01 1.655702e+01 2.625091e-01
152 1.960439e+01 2.238151e+01 1.609273e+01 2.809809e-01
153 1.986297e+01 2.204995e+01 1.648750e+01 2.522658e-01
154 1.984634e+01 2.205362e+01 1.632044e+01 2.599656e-01
155 1.999775e+01 2.227631e+01 1.653986e+01 2.575135e-01
156 2.005007e+01 2.214499e+01 1.651138e+01 2.543967e-01
157 2.005080e+01 2.185873e+01 1.635548e+01 2.517643e-01
158 1.974878e+01 2.196561e+01 1.662178e+01 2.432817e-01
159 1.983636e+01 2.164138e+01 1.632076e+01 2.458540e-01
160 1.953496e+01 2.161293e+01 1.596769e+01 2.611975e-01
161 1.978220e+01 2.133486e+01 1.623112e+01 2.392207e-01
162 1.991484e+01 2.188723e+01 1.638509e+01 2.513859e-01
163 1.981157e+01 2.130686e+01 1.673047e+01 2.147849e-01
164 1.980534e+01 2.114554e+01 1.666085e+01 2.120868e-01
165 1.979918e+01 2.113497e+01 1.654597e+01 2.171284e-01
166 1.962209e+01 2.109491e+01 1.613588e+01 2.350818e-01
167 1.964895e+01 2.092049e+01 1.604116e+01 2.332320e-01
168 1.962281e+01 2.086801e+01 1.613339e+01 2.268843e-01
169 1.976967e+01 2.091787e+01 1.649992e+01 2.112049e-01
170 1.918102e+01 2.096443e+01 1.526098e+01 2.720537e-01
171 1.961609e+01 2.118741e+01 1.620342e+01 2.352336e-01
172 1.950074e+01 2.138360e+01 1.597180e+01 2.530818e-01
173 1.968605e+01 2.124006e+01 1.610082e+01 2.419597e-01
174 1.955818e+01 2.127651e+01 1.573606e+01 2.604021e-01
175 1.945687e+01 2.126526e+01 1.557753e+01 2.674659e-01
176 1.964293e+01 2.210961e+01 1.623269e+01 2.658086e-01
177 1.958850e+01 2.161049e+01 1.588459e+01 2.649590e-01
178 1.936175e+01 2.142992e+01 1.554910e+01 2.744210e-01
179 1.965641e+01 2.140948e+01 1.593551e+01 2.556798e-01
180 1.959192e+01 2.130395e+01 1.578026e+01 2.592798e-01
181 1.953226e+01 2.142883e+01 1.573616e+01 2.656548e-01
182 1.936774e+01 2.109350e+01 1.575987e+01 2.528565e-01
183 1.938219e+01 2.126443e+01 1.583605e+01 2.552798e-01
184 1.934530e+01 2.089212e+01 1.595676e+01 2.362306e-01
185 1.934144e+01 2.061649e+01 1.593430e+01 2.271092e-01
186 1.938884e+01 2.087357e+01 1.598112e+01 2.343848e-01
187 1.938740e+01 2.097774e+01 1.588555e+01 2.427425e-01
188 1.926037e+01 2.096057e+01 1.538399e+01 2.660510e-01
189 1.952418e+01 2.095560e+01 1.575390e+01 2.482249e-01
190 1.936305e+01 2.102508e+01 1.551338e+01 2.621488e-01
191 1.943168e+01 2.081094e+01 1.546689e+01 2.567904e-01
192 1.940277e+01 2.052129e+01 1.579415e+01 2.303527e-01
193 1.948378e+01 2.043559e+01 1.590666e+01 2.216194e-01
194 1.932974e+01 2.049301e+01 1.595958e+01 2.212183e-01
195 1.952729e+01 2.053383e+01 1.604275e+01 2.187159e-01
196 1.924455e+01 2.064377e+01 1.562794e+01 2.429706e-01
197 1.943407e+01 2.073700e+01 1.580002e+01 2.380760e-01
198 1.947220e+01 2.015469e+01 1.591361e+01 2.104264e-01
199 1.958823e+01 2.060388e+01 1.631752e+01 2.080365e-01
200 1.959569e+01 2.033638e+01 1.644698e+01 1.912536e-01
201 1.972940e+01 2.023986e+01 1.663780e+01 1.779688e-01
202 1.970747e+01 2.007053e+01 1.657180e+01 1.743216e-01
203 1.974254e+01 1.975820e+01 1.641334e+01 1.692896e-01
204 1.979898e+01 1.974821e+01 1.651096e+01 1.639263e-01
205 1.982013e+01 1.954238e+01 1.656383e+01 1.524150e-01
206 1.952502e+01 1.986172e+01 1.612602e+01 1.880852e-01
207 1.971350e+01 2.004220e+01 1.626627e+01 1.883989e-01
208 1.949530e+01 1.960625e+01 1.612696e+01 1.774582e-01
209 1.952134e+01 1.960125e+01 1.607509e+01 1.798945e-01
210 1.969497e+01 1.980579e+01 1.662207e+01 1.607472e-01
211 1.970354e+01 1.997347e+01 1.666916e+01 1.654347e-01
212 1.976876e+01 2.032065e+01 1.673808e+01 1.763018e-01
213 1.968952e+01 2.013779e+01 1.618066e+01 1.965028e-01
214 1.971562e+01 2.028620e+01 1.625052e+01 1.989369e-01
215 1.982112e+01 2.005583e+01 1.623897e+01 1.903121e-01
216 1.971722e+01 1.988667e+01 1.614566e+01 1.881165e-01
217 1.967352e+01 1.984935e+01 1.603147e+01 1.923429e-01
218 1.979079e+01 2.015754e+01 1.628702e+01 1.920134e-01
219 1.996938e+01 2.048765e+01 1.643390e+01 1.978631e-01
220 1.990406e+01 2.046998e+01 1.634665e+01 2.014330e-01
221 1.982743e+01 2.019121e+01 1.630171e+01 1.926331e-01
222 1.983495e+01 2.010756e+01 1.630984e+01 1.888701e-01
223 1.976896e+01 2.038846e+01 1.631661e+01 1.997135e-01
224 1.958937e+01 2.066225e+01 1.593972e+01 2.285583e-01
225 1.974327e+01 2.080452e+01 1.620758e+01 2.209585e-01
226 1.956064e+01 2.064559e+01 1.595114e+01 2.273827e-01
227 1.975356e+01 2.049718e+01 1.628389e+01 2.055549e-01
228 1.968280e+01 2.053525e+01 1.616303e+01 2.129132e-01
229 1.969300e+01 2.057125e+01 1.604575e+01 2.199914e-01
230 1.952377e+01 2.040532e+01 1.565043e+01 2.330218e-01
231 1.976225e+01 2.092095e+01 1.617964e+01 2.266298e-01
232 1.956131e+01 2.048714e+01 1.572705e+01 2.323452e-01
233 1.960521e+01 2.017137e+01 1.563012e+01 2.251334e-01
234 1.972810e+01 2.044575e+01 1.598243e+01 2.183005e-01
235 1.955829e+01 2.053238e+01 1.578415e+01 2.312557e-01
236 1.960078e+01 2.047416e+01 1.586777e+01 2.249854e-01
237 1.961426e+01 2.012981e+01 1.601439e+01 2.044441e-01
238 1.965475e+01 2.026158e+01 1.603225e+01 2.087366e-01
239 1.966608e+01 2.020835e+01 1.591273e+01 2.125665e-01
240 1.797274e+01 2.066746e+01 1.335639e+01 3.537480e-01
241 1.765000e+01 2.092472e+01 1.286984e+01 3.849454e-01
242 1.777789e+01 2.062670e+01 1.326309e+01 3.569943e-01
243 1.905052e+01 2.039639e+01 1.534243e+01 2.477871e-01
244 1.959855e+01 2.025124e+01 1.600435e+01 2.097103e-01
245 1.949895e+01 2.021675e+01 1.569566e+01 2.236311e-01
246 1.946513e+01 2.016019e+01 1.595003e+01 2.088352e-01
247 1.951159e+01 2.037213e+01 1.600305e+01 2.144637e-01
248 1.952325e+01 2.046747e+01 1.598171e+01 2.191654e-01
249 1.959802e+01 2.094919e+01 1.639044e+01 2.176099e-01
250 1.950355e+01 2.066905e+01 1.596962e+01 2.273658e-01
251 1.951138e+01 2.066355e+01 1.604008e+01 2.237501e-01
252 1.955878e+01 2.058685e+01 1.609668e+01 2.181087e-01
253 1.948060e+01 2.051791e+01 1.602624e+01 2.189146e-01
254 1.935272e+01 2.026334e+01 1.570109e+01 2.251479e-01
255 1.944984e+01 2.044992e+01 1.575852e+01 2.294094e-01
256 1.933014e+01 2.015027e+01 1.551837e+01 2.298679e-01
257 1.950536e+01 2.034559e+01 1.601924e+01 2.126431e-01
258 1.963029e+01 2.059190e+01 1.622381e+01 2.121265e-01
259 1.958825e+01 2.046444e+01 1.615010e+01 2.108211e-01
260 1.946584e+01 2.050599e+01 1.597069e+01 2.211696e-01
261 1.944666e+01 2.001768e+01 1.598717e+01 2.013475e-01
262 1.937993e+01 2.055817e+01 1.562082e+01 2.401646e-01
263 1.955129e+01 2.069437e+01 1.601306e+01 2.262117e-01
264 1.953227e+01 2.049055e+01 1.571496e+01 2.330633e-01
265 1.946898e+01 2.053614e+01 1.572581e+01 2.342373e-01
266 1.957372e+01 2.046432e+01 1.620266e+01 2.082482e-01
267 1.976023e+01 2.066360e+01 1.675722e+01 1.890467e-01
268 1.949868e+01 1.988366e+01 1.613893e+01 1.883321e-01
269 1.938582e+01 1.997851e+01 1.596895e+01 2.006939e-01
270 1.954532e+01 2.011211e+01 1.618629e+01 1.951968e-01
271 1.942134e+01 1.979829e+01 1.593204e+01 1.952820e-01
272 1.949199e+01 1.985779e+01 1.617910e+01 1.852519e-01
273 1.952625e+01 1.993756e+01 1.617603e+01 1.886658e-01
274 1.956951e+01 1.994664e+01 1.633073e+01 1.812790e-01
275 1.973248e+01 2.036301e+01 1.648954e+01 1.902209e-01
276 1.961244e+01 1.997366e+01 1.625555e+01 1.861508e-01
277 1.971438e+01 2.010492e+01 1.637795e+01 1.853757e-01
278 1.949649e+01 2.007608e+01 1.582773e+01 2.116127e-01
279 1.957716e+01 2.007432e+01 1.590084e+01 2.079015e-01
280 1.941875e+01 2.000444e+01 1.572571e+01 2.138889e-01
281 1.945237e+01 1.967819e+01 1.582327e+01 1.958982e-01
282 1.946018e+01 1.967018e+01 1.594893e+01 1.891826e-01
283 1.941991e+01 1.966440e+01 1.592197e+01 1.903152e-01
284 1.937888e+01 1.995862e+01 1.571619e+01 2.125611e-01
285 1.945771e+01 2.047878e+01 1.603035e+01 2.172216e-01
286 1.917610e+01 1.997405e+01 1.552998e+01 2.224925e-01
287 1.935582e+01 2.004388e+01 1.583915e+01 2.097762e-01
288 1.943258e+01 2.028865e+01 1.579542e+01 2.214651e-01
289 1.963332e+01 2.034577e+01 1.627501e+01 2.000788e-01
290 1.949688e+01 2.034090e+01 1.621841e+01 2.026698e-01
291 1.951765e+01 2.001265e+01 1.638953e+01 1.810415e-01
292 1.943287e+01 2.001259e+01 1.616767e+01 1.921249e-01
293 1.944109e+01 1.991945e+01 1.601783e+01 1.958698e-01
294 1.949500e+01 2.011400e+01 1.617278e+01 1.959440e-01
295 1.962093e+01 2.033063e+01 1.638050e+01 1.942948e-01
296 1.944331e+01 2.037251e+01 1.614527e+01 2.074969e-01
297 1.949067e+01 2.021525e+01 1.627264e+01 1.950316e-01
298 1.932382e+01 2.026204e+01 1.592218e+01 2.141870e-01
299 1.968591e+01 2.089825e+01 1.651609e+01 2.096906e-01
300 1.976574e+01 2.095348e+01 1.659928e+01 2.078033e-01
301 1.979036e+01 2.099218e+01 1.664233e+01 2.072128e-01
302 1.963264e+01 2.096287e+01 1.632887e+01 2.210574e-01
303 1.977764e+01 2.139129e+01 1.656018e+01 2.258447e-01
304 1.949548e+01 2.113662e+01 1.596664e+01 2.445981e-01
305 1.959269e+01 2.065208e+01 1.635076e+01 2.082755e-01
306 1.974850e+01 2.105642e+01 1.661372e+01 2.109904e-01
307 1.966325e+01 2.085542e+01 1.638102e+01 2.145441e-01
308 1.971905e+01 2.105005e+01 1.645534e+01 2.182754e-01
309 1.972519e+01 2.114585e+01 1.648856e+01 2.202460e-01
310 1.986479e+01 2.105656e+01 1.690040e+01 1.973808e-01
311 1.982022e+01 2.096674e+01 1.667739e+01 2.045790e-01
312 1.984154e+01 2.078129e+01 1.670314e+01 1.962417e-01
313 1.983993e+01 2.078198e+01 1.670954e+01 1.959601e-01
314 1.951731e+01 2.084497e+01 1.615606e+01 2.249420e-01
315 1.989348e+01 2.105550e+01 1.669928e+01 2.068923e-01
316 1.961590e+01 2.077629e+01 1.643751e+01 2.088333e-01
317 1.975220e+01 2.087220e+01 1.659120e+01 2.051055e-01
318 1.978988e+01 2.092260e+01 1.664863e+01 2.042753e-01
319 1.981400e+01 2.092164e+01 1.656533e+01 2.082201e-01
320 1.993770e+01 2.103458e+01 1.677166e+01 2.026627e-01
321 2.002320e+01 2.143088e+01 1.719930e+01 1.974525e-01
322 1.966712e+01 2.112535e+01 1.640239e+01 2.235683e-01
323 1.991680e+01 2.120467e+01 1.674002e+01 2.105506e-01
324 1.985371e+01 2.094831e+01 1.663280e+01 2.060074e-01
325 1.979025e+01 2.083430e+01 1.644112e+01 2.108626e-01
326 1.966740e+01 2.078464e+01 1.639355e+01 2.112662e-01
327 1.976111e+01 2.084572e+01 1.658375e+01 2.044527e-01
328 1.981446e+01 2.116354e+01 1.675798e+01 2.081672e-01
329 1.980561e+01 2.102266e+01 1.677105e+01 2.022394e-01
330 1.985676e+01 2.112909e+01 1.692148e+01 1.991386e-01
331 1.982170e+01 2.130170e+01 1.668720e+01 2.166256e-01
332 1.963908e+01 2.092552e+01 1.645244e+01 2.137621e-01
333 1.979275e+01 2.079837e+01 1.670648e+01 1.967409e-01
334 1.968589e+01 2.100767e+01 1.657658e+01 2.109273e-01
335 1.968496e+01 2.078049e+01 1.659369e+01 2.014778e-01
336 1.971761e+01 2.101342e+01 1.676516e+01 2.021689e-01
337 1.978272e+01 2.086870e+01 1.665144e+01 2.020853e-01
338 1.974407e+01 2.054114e+01 1.655397e+01 1.941065e-01
339 1.986089e+01 2.097254e+01 1.702694e+01 1.881316e-01
340 1.971254e+01 2.088649e+01 1.664509e+01 2.030693e-01
341 1.963278e+01 2.096756e+01 1.627706e+01 2.237027e-01
342 1.987634e+01 2.104864e+01 1.661051e+01 2.108513e-01
343 1.984616e+01 2.124036e+01 1.675250e+01 2.112891e-01
344 1.978949e+01 2.131847e+01 1.657094e+01 2.226959e-01
345 1.982878e+01 2.143593e+01 1.663317e+01 2.240517e-01
346 1.982200e+01 2.138406e+01 1.668306e+01 2.198363e-01
347 1.981601e+01 2.126537e+01 1.680852e+01 2.095827e-01
348 1.984886e+01 2.126260e+01 1.676164e+01 2.116846e-01
349 1.991874e+01 2.131942e+01 1.669959e+01 2.166960e-01
350 1.962054e+01 2.112834e+01 1.630001e+01 2.285235e-01
351 2.007442e+01 2.112235e+01 1.679095e+01 2.050624e-01
352 1.973110e+01 2.084693e+01 1.613439e+01 2.260542e-01
353 1.976017e+01 2.072215e+01 1.621681e+01 2.174165e-01
354 1.980861e+01 2.079483e+01 1.627101e+01 2.175456e-01
355 1.978982e+01 2.084468e+01 1.622428e+01 2.216584e-01
356 1.975520e+01 2.065752e+01 1.613019e+01 2.191612e-01
357 1.990427e+01 2.124103e+01 1.670624e+01 2.134920e-01
358 1.979775e+01 2.108882e+01 1.619075e+01 2.322594e-01
359 1.967567e+01 2.106345e+01 1.605442e+01 2.378067e-01
360 1.969767e+01 2.092450e+01 1.605366e+01 2.327819e-01
361 1.952310e+01 2.064572e+01 1.585463e+01 2.320622e-01
362 1.945863e+01 2.056616e+01 1.574157e+01 2.345888e-01
363 1.969703e+01 2.096396e+01 1.599323e+01 2.371084e-01
364 1.970020e+01 2.111411e+01 1.581614e+01 2.509208e-01
365 1.978565e+01 2.147015e+01 1.588285e+01 2.602359e-01
366 1.981240e+01 2.127467e+01 1.594162e+01 2.506763e-01
367 1.976584e+01 2.132316e+01 1.609023e+01 2.454108e-01
368 1.965134e+01 2.105508e+01 1.581390e+01 2.489272e-01
369 1.991350e+01 2.103333e+01 1.615835e+01 2.317739e-01
370 1.983730e+01 2.116990e+01 1.601830e+01 2.433458e-01
371 1.984619e+01 2.108562e+01 1.599648e+01 2.413560e-01
372 2.001316e+01 2.098710e+01 1.638299e+01 2.193781e-01
373 1.993236e+01 2.083748e+01 1.635331e+01 2.151975e-01
374 1.964768e+01 2.062490e+01 1.614835e+01 2.170458e-01
375 1.994590e+01 2.123744e+01 1.673206e+01 2.121432e-01
376 1.961007e+01 2.090906e+01 1.594140e+01 2.375842e-01
377 1.958937e+01 2.071434e+01 1.597047e+01 2.290136e-01
378 1.967641e+01 2.084778e+01 1.609730e+01 2.278648e-01
379 1.976607e+01 2.100869e+01 1.635168e+01 2.216704e-01
380 1.978132e+01 2.132148e+01 1.630457e+01 2.352984e-01
381 1.996936e+01 2.122957e+01 1.668362e+01 2.141326e-01
382 1.975108e+01 2.100234e+01 1.649902e+01 2.144198e-01
383 1.983692e+01 2.111812e+01 1.654960e+01 2.163320e-01
384 1.974833e+01 2.072450e+01 1.625981e+01 2.154307e-01
385 1.974142e+01 2.050201e+01 1.635759e+01 2.021467e-01
386 1.964558e+01 2.040254e+01 1.630083e+01 2.010392e-01
387 1.977351e+01 2.086452e+01 1.640085e+01 2.139359e-01
388 1.995655e+01 2.073718e+01 1.681490e+01 1.891424e-01
389 1.973765e+01 2.081018e+01 1.632516e+01 2.155209e-01
390 1.979542e+01 2.080850e+01 1.643353e+01 2.102495e-01
391 1.976458e+01 2.087790e+01 1.634819e+01 2.169621e-01
392 1.969463e+01 2.102320e+01 1.629011e+01 2.251366e-01
393 1.981959e+01 2.131452e+01 1.651824e+01 2.250242e-01
394 1.982278e+01 2.104975e+01 1.647263e+01 2.174431e-01
395 1.964212e+01 2.141944e+01 1.636858e+01 2.358072e-01
396 1.977768e+01 2.126084e+01 1.649685e+01 2.240734e-01
397 1.976644e+01 2.139020e+01 1.644234e+01 2.313143e-01
398 1.976266e+01 2.103872e+01 1.640111e+01 2.204318e-01
399 1.998513e+01 2.135417e+01 1.673331e+01 2.163914e-01
400 1.978213e+01 2.103416e+01 1.640522e+01 2.200678e-01
401 1.958001e+01 2.048904e+01 1.614342e+01 2.120951e-01
402 1.977152e+01 2.069638e+01 1.630586e+01 2.121394e-01
403 1.977983e+01 2.094429e+01 1.624716e+01 2.242677e-01
404 1.952855e+01 2.110615e+01 1.599276e+01 2.422700e-01
405 2.000190e+01 2.134339e+01 1.680816e+01 2.124888e-01
406 1.994998e+01 2.148399e+01 1.665249e+01 2.248887e-01
407 2.011898e+01 2.148814e+01 1.702678e+01 2.076199e-01
408 2.013109e+01 2.162180e+01 1.705469e+01 2.112269e-01
409 2.004954e+01 2.155839e+01 1.671621e+01 2.246078e-01
410 1.987339e+01 2.148295e+01 1.648906e+01 2.324582e-01
411 2.023979e+01 2.193336e+01 1.725839e+01 2.131440e-01
412 2.024158e+01 2.147823e+01 1.706385e+01 2.055280e-01
413 1.983086e+01 2.107194e+01 1.639718e+01 2.218477e-01
414 2.011143e+01 2.192823e+01 1.703175e+01 2.232958e-01
415 2.011945e+01 2.201957e+01 1.701410e+01 2.273192e-01
416 2.005323e+01 2.186734e+01 1.683619e+01 2.300758e-01
417 2.012960e+01 2.171263e+01 1.660112e+01 2.354162e-01
418 2.027441e+01 2.169966e+01 1.675916e+01 2.276765e-01
419 2.007556e+01 2.114730e+01 1.686381e+01 2.025552e-01
420 2.028624e+01 2.141332e+01 1.730813e+01 1.917120e-01
421 2.024151e+01 2.177771e+01 1.708055e+01 2.156866e-01
422 1.978091e+01 2.141743e+01 1.619641e+01 2.437743e-01
423 2.013137e+01 2.200524e+01 1.676496e+01 2.381377e-01
424 1.990986e+01 2.171731e+01 1.642581e+01 2.436535e-01
425 2.006305e+01 2.178543e+01 1.685161e+01 2.264734e-01
426 2.010856e+01 2.176001e+01 1.696157e+01 2.205163e-01
427 2.006170e+01 2.167979e+01 1.699501e+01 2.160897e-01
428 2.008623e+01 2.180010e+01 1.687800e+01 2.257833e-01
429 2.014400e+01 2.234871e+01 1.714835e+01 2.326918e-01
430 2.001157e+01 2.188447e+01 1.646850e+01 2.474800e-01
431 1.994507e+01 2.176576e+01 1.652769e+01 2.406562e-01
432 2.022646e+01 2.149437e+01 1.716906e+01 2.012300e-01
433 2.008450e+01 2.156182e+01 1.686350e+01 2.178998e-01
434 1.980447e+01 2.097058e+01 1.646841e+01 2.146894e-01
435 2.006457e+01 2.128628e+01 1.675559e+01 2.128454e-01
436 2.000573e+01 2.142638e+01 1.678391e+01 2.166708e-01
437 2.014030e+01 2.118584e+01 1.695648e+01 1.996316e-01
438 2.017662e+01 2.105365e+01 1.709179e+01 1.881793e-01
439 2.006126e+01 2.094213e+01 1.680330e+01 1.976317e-01
440 1.970716e+01 2.088072e+01 1.637672e+01 2.157013e-01
441 1.991298e+01 2.079720e+01 1.669245e+01 1.973706e-01
442 1.969623e+01 2.101496e+01 1.624893e+01 2.267921e-01
443 1.996552e+01 2.088851e+01 1.690634e+01 1.906394e-01
444 1.984965e+01 2.083609e+01 1.646574e+01 2.097489e-01
445 1.987262e+01 2.066147e+01 1.640804e+01 2.058631e-01
446 1.974905e+01 2.040373e+01 1.624864e+01 2.036436e-01
447 1.998158e+01 2.123942e+01 1.709697e+01 1.950361e-01
448 1.983540e+01 2.108519e+01 1.661152e+01 2.121712e-01
449 1.968664e+01 2.079681e+01 1.626383e+01 2.179651e-01
450 2.005643e+01 2.126655e+01 1.697748e+01 2.016815e-01
451 1.992440e+01 2.124435e+01 1.697822e+01 2.008121e-01
452 1.985115e+01 2.126849e+01 1.664393e+01 2.174371e-01
453 1.988910e+01 2.152544e+01 1.683171e+01 2.180549e-01
454 1.979220e+01 2.131242e+01 1.670661e+01 2.161093e-01
455 1.970741e+01 2.100294e+01 1.667031e+01 2.062864e-01
456 1.985194e+01 2.116866e+01 1.696891e+01 1.983946e-01
457 1.976365e+01 2.062713e+01 1.681891e+01 1.846219e-01
458 1.943503e+01 2.053005e+01 1.632486e+01 2.048311e-01
459 1.983395e+01 2.081648e+01 1.673184e+01 1.962218e-01
460 1.935243e+01 2.029188e+01 1.586720e+01 2.180517e-01
461 1.972116e+01 2.080951e+01 1.658402e+01 2.030559e-01
462 1.965141e+01 2.078485e+01 1.633838e+01 2.139283e-01
463 1.974866e+01 2.084322e+01 1.677442e+01 1.952097e-01
464 1.974762e+01 2.095547e+01 1.686422e+01 1.952354e-01
465 1.982477e+01 2.144359e+01 1.697529e+01 2.083749e-01
466 1.953339e+01 2.101702e+01 1.650505e+01 2.146818e-01
467 1.948058e+01 2.069990e+01 1.611955e+01 2.212740e-01
468 1.970051e+01 2.036722e+01 1.667914e+01 1.810788e-01
469 1.975336e+01 2.069313e+01 1.687432e+01 1.845448e-01
470 1.959500e+01 2.020250e+01 1.638212e+01 1.891043e-01
471 1.990975e+01 2.063260e+01 1.729222e+01 1.618981e-01
